{"Y": ["54r4/sara-server-vre", "A33a/sjupyter", "AaronTHolt/openmpi_singularity", "AlanKuurstra/qsm_sstv", "BIDS-Apps/ndmg", "CAIsr/antsCorticalThickness", "CAIsr/optimizing_exercise", "CAIsr/qsm", "CHRUdeLille/nextflow", "CHRUdeLille/vep_containers"], "data": [[1.0, 0.21638349945021815, 0.050024506147846655, 0.12787657364204597, 0.11373648832773185, 0.12510088781275222, 0.045662428465388025, 0.164068678277068, 0.04201827727007583, 0.1307027622193499], [0.21638349945021815, 1.0, 0.033587041595299405, 0.08326439624169489, 0.13953166832162295, 0.1510569667645873, 0.04380523241300115, 0.25071776440313903, 0.03765144873783353, 0.22867587900687397], [0.050024506147846655, 0.033587041595299405, 1.0, 0.022405604151766886, 0.045088287788733125, 0.042564928288159345, 0.007046820505226392, 0.042463243928789515, 0.022553563033111693, 0.019224236300445112], [0.12787657364204597, 0.08326439624169489, 0.022405604151766886, 1.0, 0.0653641058228604, 0.03273184299241823, 0.02205115799538069, 0.061770838718571745, 0.012581149496970563, 0.05781775891681236], [0.11373648832773185, 0.13953166832162295, 0.045088287788733125, 0.0653641058228604, 1.0, 0.10886047662372902, 0.03190328840404888, 0.19915812342996808, 0.04052697443513896, 0.09851269580953458], [0.12510088781275222, 0.1510569667645873, 0.042564928288159345, 0.03273184299241823, 0.10886047662372902, 1.0, 0.04157455608642944, 0.28108292184573475, 0.021559482899689085, 0.10025728414862337], [0.045662428465388025, 0.04380523241300115, 0.007046820505226392, 0.02205115799538069, 0.03190328840404888, 0.04157455608642944, 1.0, 0.03489328053318941, 0.005215726405440201, 0.03930326038410004], [0.164068678277068, 0.25071776440313903, 0.042463243928789515, 0.061770838718571745, 0.19915812342996808, 0.28108292184573475, 0.03489328053318941, 1.0, 0.07048791810207922, 0.17257801035523437], [0.04201827727007583, 0.03765144873783353, 0.022553563033111693, 0.012581149496970563, 0.04052697443513896, 0.021559482899689085, 0.005215726405440201, 0.07048791810207922, 1.0, 0.020190864554130206], [0.1307027622193499, 0.22867587900687397, 0.019224236300445112, 0.05781775891681236, 0.09851269580953458, 0.10025728414862337, 0.03930326038410004, 0.17257801035523437, 0.020190864554130206, 1.0]], "X": ["54r4/sara-server-vre", "A33a/sjupyter", "AaronTHolt/openmpi_singularity", "AlanKuurstra/qsm_sstv", "BIDS-Apps/ndmg", "CAIsr/antsCorticalThickness", "CAIsr/optimizing_exercise", "CAIsr/qsm", "CHRUdeLille/nextflow", "CHRUdeLille/vep_containers"]}