{"Y": ["GodloveD/Theano", "CAIsr/qsm", "ManojGopale/Ubuntu_Anaconda_Tensorflow", "CHRUdeLille/bedtools", "MSO4SC/Singularity", "UNM-CARC/singularity-test", "GodloveD/TensorFlow", "GodloveD/lolcow", "KevinSayers/BarraCUDA_Singularity", "DaleDupont/singularity-ga4gh", "KevinSayers/SingularityScheduler", "GodloveD/lolcow-installer", "Maaarcocr/comp3096_2018", "CAIsr/antsCorticalThickness", "A33a/sjupyter", "TomRoussel/Bazel-Singularity", "ISU-HPC/orthomcl", "UMMS-Biocore/singularity", "GodloveD/jupyter-example", "GiMichiels/S_Detect_Sample", "JiaweiZhuang/Singularity_GC", "OvcharenkoLab/keras_demo", "YeoLab/rnashapes", "NYU-Molecular-Pathology/NGS580-nf", "CNC-UMCG/cnc_base", "ManojGopale/singularity_hello_world"], "X": ["GodloveD/Theano", "CAIsr/qsm", "ManojGopale/Ubuntu_Anaconda_Tensorflow", "CHRUdeLille/bedtools", "MSO4SC/Singularity", "UNM-CARC/singularity-test", "GodloveD/TensorFlow", "GodloveD/lolcow", "KevinSayers/BarraCUDA_Singularity", "DaleDupont/singularity-ga4gh", "KevinSayers/SingularityScheduler", "GodloveD/lolcow-installer", "Maaarcocr/comp3096_2018", "CAIsr/antsCorticalThickness", "A33a/sjupyter", "TomRoussel/Bazel-Singularity", "ISU-HPC/orthomcl", "UMMS-Biocore/singularity", "GodloveD/jupyter-example", "GiMichiels/S_Detect_Sample", "JiaweiZhuang/Singularity_GC", "OvcharenkoLab/keras_demo", "YeoLab/rnashapes", "NYU-Molecular-Pathology/NGS580-nf", "CNC-UMCG/cnc_base", "ManojGopale/singularity_hello_world"], "data": [[1.0, 0.2937353955713809, 0.134038030342739, 0.2181872336525684, 0.16481425301304503, 0.27291815394952335, 0.1933211364162093, 0.1323340837204001, 0.17837867455686146, 0.21427224933498104, 0.23666611133588786, 0.12974459279417183, 0.26092732539146724, 0.20461722414691724, 0.1415359643659287, 0.1920358689870051, 0.23948703494926718, 0.19063953592787486, 0.15441274645066536, 0.5550196795831255, 0.20144452682180183, 0.2620663650075415, 0.47195301877513235, 0.20766994692908766, 0.16988484939910495, 0.18204710413272107], [0.2937353955713809, 1.0, 0.18746017586338729, 0.34166167313654483, 0.287632531267856, 0.3051718030464045, 0.21023139297250973, 0.15818779285583887, 0.1987820791648543, 0.2959442040327778, 0.25719357016074595, 0.15977158131340743, 0.26775044531126696, 0.28108292184573475, 0.25071776440313903, 0.19666895267953366, 0.2630620409625605, 0.2921440425489373, 0.2845409886398526, 0.32153349357807076, 0.3255452138548462, 0.29552726647170136, 0.2678157365898902, 0.32821684178468097, 0.2090543472508864, 0.2140112420210232], [0.134038030342739, 0.18746017586338729, 1.0, 0.2866188769414576, 0.41085220146544327, 0.2931572785221803, 0.33656138259833135, 0.4863375068903063, 0.39203117144293614, 0.2049808429118774, 0.19892825475153245, 0.47441968791242917, 0.16300832155754436, 0.36258780036968574, 0.21986514363126944, 0.17755222537745663, 0.2779897163708741, 0.24589354759097265, 0.29862245111585645, 0.15088177661659047, 0.44216417910447764, 0.12681966949782142, 0.1721593127684498, 0.34452763708434264, 0.09589872802890015, 0.4834034595605423], [0.2181872336525684, 0.34166167313654483, 0.2866188769414576, 1.0, 0.42051077414205906, 0.4851585926109323, 0.377907935984161, 0.3335482051488659, 0.4463795777168078, 0.4585748380497784, 0.1933649289099526, 0.3285737141028718, 0.2178902352102637, 0.22575075075075074, 0.42972836621438626, 0.3312216765131563, 0.23011036073134575, 0.4701214854242133, 0.5334553589587147, 0.33447540939380044, 0.5607861387556383, 0.3148165454851311, 0.3082586711611816, 0.5587867543258178, 0.2318096948447143, 0.3550739397889762], [0.16481425301304503, 0.287632531267856, 0.41085220146544327, 0.42051077414205906, 1.0, 0.2524873450864025, 0.2643622514846372, 0.38546159134945934, 0.4714285714285714, 0.35631798039478985, 0.17874892887746358, 0.37710895494716024, 0.2014240600607758, 0.2893268431675175, 0.3324742268041237, 0.22566203603212504, 0.33613317816121036, 0.2784016371936821, 0.43870832459635145, 0.27274228711105236, 0.48039882166326764, 0.21779235420723583, 0.31858126830813077, 0.605433901054339, 0.16401455577142504, 0.38183055882170924], [0.27291815394952335, 0.3051718030464045, 0.2931572785221803, 0.4851585926109323, 0.2524873450864025, 1.0, 0.4307302281652334, 0.2527027861864459, 0.3462542617563043, 0.3783232522155015, 0.23644754720517266, 0.24921678235763867, 0.274827391549785, 0.24546640168923115, 0.2936856322809387, 0.30447810203997866, 0.24659097233817553, 0.43378410134803136, 0.33865968905599025, 0.2942540758089088, 0.44854589303447295, 0.30765610555508865, 0.24157060518731988, 0.36199001447605544, 0.21560553678022504, 0.29832281104521396], [0.1933211364162093, 0.21023139297250973, 0.33656138259833135, 0.377907935984161, 0.2643622514846372, 0.4307302281652334, 1.0, 0.27888001673698526, 0.4762590991390459, 0.334199912532193, 0.16179230714404505, 0.2748692006513981, 0.19137934780247234, 0.15728111923850896, 0.270763715227831, 0.2706563624363969, 0.19833064870405623, 0.3437599609001466, 0.333724933063767, 0.18513718830994727, 0.4237513203561189, 0.36655389791655113, 0.14810813406319023, 0.3462568549929856, 0.16670555598765913, 0.2789890293014859], [0.1323340837204001, 0.15818779285583887, 0.4863375068903063, 0.3335482051488659, 0.38546159134945934, 0.2527027861864459, 0.27888001673698526, 1.0, 0.5343409349294456, 0.2804972804972805, 0.19899244332493704, 0.9747479788402036, 0.16260987153482082, 0.354329599098147, 0.25857988165680473, 0.2303944181755276, 0.2796660065300005, 0.21778187565858798, 0.3532439906402893, 0.1502952913008779, 0.379693574205351, 0.17165561823197595, 0.16946900975443124, 0.491305890702626, 0.12917098525749116, 0.7195005636001041], [0.17837867455686146, 0.1987820791648543, 0.39203117144293614, 0.4463795777168078, 0.4714285714285714, 0.3462542617563043, 0.4762590991390459, 0.5343409349294456, 1.0, 0.37699381374352114, 0.17690171011679662, 0.5236207466138091, 0.21419076595870382, 0.27860187553282184, 0.3471892441950106, 0.3252004383688066, 0.3312601008864293, 0.2808756177711077, 0.47080031861820315, 0.19892637101201732, 0.5076187900099179, 0.23490910583117897, 0.2111209806359922, 0.6154456792923565, 0.17292076771653545, 0.5296921549155909], [0.21427224933498104, 0.2959442040327778, 0.2049808429118774, 0.4585748380497784, 0.35631798039478985, 0.3783232522155015, 0.334199912532193, 0.2804972804972805, 0.37699381374352114, 1.0, 0.20058438914569013, 0.2764721681326798, 0.23515674913529114, 0.16350872833447228, 0.33898769434487797, 0.3653807356929905, 0.19788528224660337, 0.4371739421233335, 0.39332349583762566, 0.2930118415096138, 0.49161787365177195, 0.334019740112192, 0.22110189956929818, 0.5349913448970219, 0.23681891514485975, 0.3560970396494603], [0.23666611133588786, 0.25719357016074595, 0.19892825475153245, 0.1933649289099526, 0.17874892887746358, 0.23644754720517266, 0.16179230714404505, 0.19899244332493704, 0.17690171011679662, 0.20058438914569013, 1.0, 0.20221596244131457, 0.5496764605715347, 0.2888233124308373, 0.17837874140903087, 0.3023437870664706, 0.41228893058161353, 0.20215128953971453, 0.14057764538272244, 0.2916064450511215, 0.22630756769266375, 0.21583454970719096, 0.2362758898049467, 0.21578879002403065, 0.1664613447218572, 0.2590832318629954], [0.12974459279417183, 0.15977158131340743, 0.47441968791242917, 0.3285737141028718, 0.37710895494716024, 0.24921678235763867, 0.2748692006513981, 0.9747479788402036, 0.5236207466138091, 0.2764721681326798, 0.20221596244131457, 1.0, 0.16527453629775213, 0.357218050389501, 0.2550318944695609, 0.22732748236103942, 0.2896559128240915, 0.21494298073141957, 0.3476150274377374, 0.15046782509070078, 0.37342403628117915, 0.16965769017782062, 0.17515863064706105, 0.48331186321583325, 0.1277534398716604, 0.7023382829834443], [0.26092732539146724, 0.26775044531126696, 0.16300832155754436, 0.2178902352102637, 0.2014240600607758, 0.274827391549785, 0.19137934780247234, 0.16260987153482082, 0.21419076595870382, 0.23515674913529114, 0.5496764605715347, 0.16527453629775213, 1.0, 0.23079708952029762, 0.19927929403574865, 0.29276015214942946, 0.4623031735548681, 0.21121143717080512, 0.1745251974426476, 0.30777027027027026, 0.249948272294641, 0.2362172309313661, 0.24654465853844784, 0.23878337855204912, 0.17442279942279942, 0.21001337664819414], [0.20461722414691724, 0.28108292184573475, 0.36258780036968574, 0.22575075075075074, 0.2893268431675175, 0.24546640168923115, 0.15728111923850896, 0.354329599098147, 0.27860187553282184, 0.16350872833447228, 0.2888233124308373, 0.357218050389501, 0.23079708952029762, 1.0, 0.1510569667645873, 0.1584823877976517, 0.4063417850506504, 0.1503341876476205, 0.19142954830376477, 0.23488791727392602, 0.21627926010803733, 0.1599901392826328, 0.2812117632167419, 0.26702133101437414, 0.11086101030517402, 0.3657179089756235], [0.1415359643659287, 0.25071776440313903, 0.21986514363126944, 0.42972836621438626, 0.3324742268041237, 0.2936856322809387, 0.270763715227831, 0.25857988165680473, 0.3471892441950106, 0.33898769434487797, 0.17837874140903087, 0.2550318944695609, 0.19927929403574865, 0.1510569667645873, 1.0, 0.2898633257403189, 0.18424123481674004, 0.3453055321200434, 0.708651689046396, 0.22824323447335973, 0.4864383521649003, 0.28731040198922503, 0.2299196068608507, 0.4351736197851611, 0.2106629470339804, 0.27697875688434304], [0.1920358689870051, 0.19666895267953366, 0.17755222537745663, 0.3312216765131563, 0.22566203603212504, 0.30447810203997866, 0.2706563624363969, 0.2303944181755276, 0.3252004383688066, 0.3653807356929905, 0.3023437870664706, 0.22732748236103942, 0.29276015214942946, 0.1584823877976517, 0.2898633257403189, 1.0, 0.17264047190561888, 0.35040667849967816, 0.26017288151179363, 0.2280555786671104, 0.36665981289195027, 0.278540346835605, 0.17227183620126335, 0.35064280312578777, 0.2098603619498916, 0.2922473604826546], [0.23948703494926718, 0.2630620409625605, 0.2779897163708741, 0.23011036073134575, 0.33613317816121036, 0.24659097233817553, 0.19833064870405623, 0.2796660065300005, 0.3312601008864293, 0.19788528224660337, 0.41228893058161353, 0.2896559128240915, 0.4623031735548681, 0.4063417850506504, 0.18424123481674004, 0.17264047190561888, 1.0, 0.1606945722171113, 0.23443599753441546, 0.2714042177042556, 0.25485976877347827, 0.17046281055008997, 0.32221803093172385, 0.3083551725669613, 0.13133724932983726, 0.2816676428305202], [0.19063953592787486, 0.2921440425489373, 0.24589354759097265, 0.4701214854242133, 0.2784016371936821, 0.43378410134803136, 0.3437599609001466, 0.21778187565858798, 0.2808756177711077, 0.4371739421233335, 0.20215128953971453, 0.21494298073141957, 0.21121143717080512, 0.1503341876476205, 0.3453055321200434, 0.35040667849967816, 0.1606945722171113, 1.0, 0.35415989977263235, 0.2739040175845647, 0.5121691147069016, 0.2930214545736194, 0.24346525640469896, 0.411197121674662, 0.22433619067530838, 0.2735408773952671], [0.15441274645066536, 0.2845409886398526, 0.29862245111585645, 0.5334553589587147, 0.43870832459635145, 0.33865968905599025, 0.333724933063767, 0.3532439906402893, 0.47080031861820315, 0.39332349583762566, 0.14057764538272244, 0.3476150274377374, 0.1745251974426476, 0.19142954830376477, 0.708651689046396, 0.26017288151179363, 0.23443599753441546, 0.35415989977263235, 1.0, 0.2356170005386411, 0.5438820567091195, 0.2576174258291293, 0.24686483975847653, 0.5617291692796521, 0.19801018828628522, 0.3520108258975769], [0.5550196795831255, 0.32153349357807076, 0.15088177661659047, 0.33447540939380044, 0.27274228711105236, 0.2942540758089088, 0.18513718830994727, 0.1502952913008779, 0.19892637101201732, 0.2930118415096138, 0.2916064450511215, 0.15046782509070078, 0.30777027027027026, 0.23488791727392602, 0.22824323447335973, 0.2280555786671104, 0.2714042177042556, 0.2739040175845647, 0.2356170005386411, 1.0, 0.32940974801439915, 0.27067004231116043, 0.7009301990193251, 0.3153649046218089, 0.21212696690179056, 0.20548857656697528], [0.20144452682180183, 0.3255452138548462, 0.44216417910447764, 0.5607861387556383, 0.48039882166326764, 0.44854589303447295, 0.4237513203561189, 0.379693574205351, 0.5076187900099179, 0.49161787365177195, 0.22630756769266375, 0.37342403628117915, 0.249948272294641, 0.21627926010803733, 0.4864383521649003, 0.36665981289195027, 0.25485976877347827, 0.5121691147069016, 0.5438820567091195, 0.32940974801439915, 1.0, 0.344857855361596, 0.3088426321959256, 0.7350369218810727, 0.2559909740503949, 0.4916637977671765], [0.2620663650075415, 0.29552726647170136, 0.12681966949782142, 0.3148165454851311, 0.21779235420723583, 0.30765610555508865, 0.36655389791655113, 0.17165561823197595, 0.23490910583117897, 0.334019740112192, 0.21583454970719096, 0.16965769017782062, 0.2362172309313661, 0.1599901392826328, 0.28731040198922503, 0.278540346835605, 0.17046281055008997, 0.2930214545736194, 0.2576174258291293, 0.27067004231116043, 0.344857855361596, 1.0, 0.21717668520737574, 0.32006763182922965, 0.25630505886241123, 0.2122467184911431], [0.47195301877513235, 0.2678157365898902, 0.1721593127684498, 0.3082586711611816, 0.31858126830813077, 0.24157060518731988, 0.14810813406319023, 0.16946900975443124, 0.2111209806359922, 0.22110189956929818, 0.2362758898049467, 0.17515863064706105, 0.24654465853844784, 0.2812117632167419, 0.2299196068608507, 0.17227183620126335, 0.32221803093172385, 0.24346525640469896, 0.24686483975847653, 0.7009301990193251, 0.3088426321959256, 0.21717668520737574, 1.0, 0.3069844350983141, 0.16728866937665618, 0.18247757205573584], [0.20766994692908766, 0.32821684178468097, 0.34452763708434264, 0.5587867543258178, 0.605433901054339, 0.36199001447605544, 0.3462568549929856, 0.491305890702626, 0.6154456792923565, 0.5349913448970219, 0.21578879002403065, 0.48331186321583325, 0.23878337855204912, 0.26702133101437414, 0.4351736197851611, 0.35064280312578777, 0.3083551725669613, 0.411197121674662, 0.5617291692796521, 0.3153649046218089, 0.7350369218810727, 0.32006763182922965, 0.3069844350983141, 1.0, 0.2383129680725266, 0.6499577400689162], [0.16988484939910495, 0.2090543472508864, 0.09589872802890015, 0.2318096948447143, 0.16401455577142504, 0.21560553678022504, 0.16670555598765913, 0.12917098525749116, 0.17292076771653545, 0.23681891514485975, 0.1664613447218572, 0.1277534398716604, 0.17442279942279942, 0.11086101030517402, 0.2106629470339804, 0.2098603619498916, 0.13133724932983726, 0.22433619067530838, 0.19801018828628522, 0.21212696690179056, 0.2559909740503949, 0.25630505886241123, 0.16728866937665618, 0.2383129680725266, 1.0, 0.1582830633797242], [0.18204710413272107, 0.2140112420210232, 0.4834034595605423, 0.3550739397889762, 0.38183055882170924, 0.29832281104521396, 0.2789890293014859, 0.7195005636001041, 0.5296921549155909, 0.3560970396494603, 0.2590832318629954, 0.7023382829834443, 0.21001337664819414, 0.3657179089756235, 0.27697875688434304, 0.2922473604826546, 0.2816676428305202, 0.2735408773952671, 0.3520108258975769, 0.20548857656697528, 0.4916637977671765, 0.2122467184911431, 0.18247757205573584, 0.6499577400689162, 0.1582830633797242, 1.0]]}